100
755 5143
9618 1282
6695 3288
4195 2852
150 1807
6800 6173
2231 2654
2649 6223
4191 5516
7900 7792
6045 2763
5196 3940
9288 2436
6021 2029
7844 976
5377 8599
6119 4996
9880 2814
8283 4076
5666 8433
5882 2467
4606 8113
5120 7255
4337 9311
2772 2238
7104 8817
5000 2300
2757 4289
4735 8778
6318 2580
9754 1695
1179 5873
6691 1060
8687 4974
5135 4353
3408 1018
6819 8014
9131 1940
5270 3468
1251 8041
5705 8354
6858 706
655 9615
4994 5389
8394 1312
7969 8148
3007 9147
4022 9697
208 2709
4672 5343
2486 4948 
4400 8825 
1131 3797 
8529 7543 
8813 6892 
967 2368 
5330 5363 
7839 4254 
5057 4014 
6556 7531 
9374 3738 
66 3804 
1324 5896 
6721 9009 
7369 9917 
5430 4952 
1975 3481 
3228 1005 
5140 6930 
2531 23 
9055 6272 
2492 1928 
117 7928 
9476 4402 
30 2757 
943 6998 
3495 449 
2090 2562 
4383 7158 
4302 3899 
2969 8555 
5126 6845 
5791 2642 
4153 8757 
5031 4973 
5518 6376 
6127 4249 
3710 3486 
824 3727 
1996 599 
2045 778 
2337 2163 
9340 5725 
9388 7466 
3371 5492 
9564 3007 
530 6249 
8619 5228 
233 3098 
2214 6998
