250
3216 5685 
3011 1163 
9658 2787 
3855 3467 
2797 7236 
2253 8548 
3292 709 
6051 8490 
1969 9813 
3291 4362 
7887 1163 
2799 2873 
3760 8360 
2943 666 
1320 5518 
3935 1021 
3751 4750 
3184 2081 
5580 8851 
866 7702 
184 1127 
9958 9407 
7629 6539 
3327 8869 
3935 8915 
3948 2042 
330 6557 
6414 1815 
211 8171 
6452 383 
6834 9430 
9465 5570 
2998 7615 
4400 6499 
4167 3478 
7989 2844 
4027 6078 
7533 9500 
3746 5024 
8743 973 
7334 3354 
133 1966 
9553 4421 
5952 8371 
8316 3439 
8299 9384 
893 642 
1812 1047 
1136 7553 
5901 6327 
3690 2122 
8045 1163 
9493 2969 
8304 7204 
8047 5795 
5569 2349 
8098 9945 
1401 7311 
3662 1283 
579 5443 
2415 6052 
4018 4440 
3755 4256 
724 2598 
7018 8226 
2118 1211 
5684 911 
9469 9495 
9636 3197 
216 559 
4699 8644 
2882 2429 
1147 1290 
5747 4311 
4600 3188 
2647 5618 
6636 9809 
4307 3557 
9336 7111 
4321 720 
7619 2115 
1079 8860 
6512 9686 
3206 4307 
4979 5025 
147 7966 
3990 2479 
6567 2573 
1284 6683 
7750 2469 
1745 5843 
9174 2923 
1476 3444 
6831 949 
7025 6551 
1907 313 
764 8137 
3251 1375 
2757 6021 
7251 8836 
6305 3472 
1633 2805 
6448 6383 
1475 922 
3573 6020 
1254 355 
7538 1180 
1239 8332 
123 3559 
781 9206 
6479 4050 
835 7538 
675 3085 
9048 9893 
3311 6854 
9506 9184 
9490 1701 
7353 6615 
7153 5848 
8848 9906 
9180 31 
4982 1615 
3966 3196 
2620 1197 
6327 8970 
5233 2165 
9032 1343 
2469 7272 
9586 883 
7473 8247 
5977 7274 
7899 8688 
4029 2014 
5676 5784 
5395 3440 
3161 493 
5447 7610 
8647 9471 
2117 6372 
6111 2634 
9367 9261 
7426 9849 
980 9711 
1159 9019 
5267 7195 
7347 8833 
4441 1526 
2166 7333 
6668 9937 
2025 388 
4171 8461 
98 9068 
7072 947 
5274 9714 
4660 3026 
6068 3958 
4860 7213 
8932 7067 
9449 6390 
2050 7893 
9632 4868 
3078 3576 
8799 9840 
6656 3307 
2191 7246 
2643 3317 
1159 7087 
8402 8742 
6774 2385 
5283 3435 
252 5449 
4585 8479 
378 3189 
480 356 
5092 6046 
5353 3090 
3472 5324 
544 8424 
4389 2998 
8432 8305 
1537 3557 
7096 8560 
1996 1086 
2545 5708 
9996 7236 
5452 2239 
8626 2282 
2787 9342 
1355 5334 
1618 6019 
3848 7593 
589 1240 
8356 8677 
432 1662 
4795 2278 
3128 9064 
6478 1989 
4992 9539 
3020 4942 
566 4120 
1046 5627 
3507 1344 
2184 1468 
4498 1779 
6350 5513 
1151 1800 
260 615 
4170 6060 
7215 1712 
2590 3336 
4712 6226 
225 1019 
7094 4569 
7824 9253 
1089 9095 
8435 4151 
5536 6206 
2012 1765 
2513 2389 
6463 5365 
311 7265 
6030 731 
3526 8789 
8699 958 
984 2621 
7462 6927 
9591 8195 
1669 4982 
4248 8732 
6694 224 
9789 5054 
4564 1324 
8868 4439 
8811 5349 
9112 1848 
1604 370 
2436 2829 
8876 7530 
4917 6572 
5043 7143 
2125 9437 
3272 3944 
3519 64 
2768 2898 
982 420 
1408 3317 
2499 557 
1103 4297 
3700 6718 
2506 969 
