100
3159 9393 
4510 276 
8141 6077 
5706 3163 
6633 3624 
8530 5431 
5474 2726 
3444 2397 
8457 4659 
8153 8490 
3607 9370 
6594 6295 
1444 6974 
5901 7092 
9933 5990 
5554 6180 
305 3520 
6141 3505 
4466 6609 
6853 6840 
7810 2484 
5150 9991 
41 454 
6067 9921 
4554 8500 
6920 7317 
8452 7955 
7002 681 
5060 3703 
6398 8595 
6676 3459 
8575 7159 
8442 7499 
1541 5005 
8973 3155 
1803 2791 
7364 2963 
1151 9406 
8282 3350 
7595 1340 
7233 9065 
574 9755 
169 141 
7554 3212 
7049 4560 
4468 9895 
6485 4264 
8583 1869 
2906 693 
9444 6089 
6862 2107 
4767 1659 
1041 8585 
4536 7023 
6762 7278 
3085 3548 
8571 9918 
8384 1860 
9608 5976 
2565 2391 
98 9752 
9377 4697 
5978 2348 
3820 6249 
8997 8982 
8494 2572 
6228 3898 
4383 2514 
5454 8989 
972 8286 
5741 2602 
5084 3684 
1756 6957 
2036 9079 
8424 1404 
8932 1990 
7367 6385 
1857 8243 
773 9947 
3955 8691 
8484 1887 
3196 5779 
8720 4096 
9431 6906 
1073 7644 
2110 1870 
4083 3769 
3787 7394 
7410 8164 
5011 4844 
8058 9749 
9893 2017 
7238 7431 
4033 3384 
2782 4879 
2976 8659 
3991 3051 
6816 2119 
654 128 
4057 7770
