150
8388 9132 
5656 4182 
139 172 
2550 3798 
1769 6900 
4692 637 
3556 7423 
6704 8179 
9449 1409 
7707 3522 
662 6723 
4115 1483 
3364 2948 
8365 97 
3296 4440 
7643 3304 
1374 4814 
814 4745 
4741 1028 
1550 7367 
1645 7198 
1278 4035 
6091 5598 
6027 4247 
5516 4768 
1905 9118 
6564 6723 
6242 2798 
5834 7179 
6001 5839 
3805 4470 
3887 3797 
1572 6490 
9322 3532 
4077 5043 
3200 2712 
524 3362 
2316 3689 
8704 3822 
6217 5571 
1395 5591 
9558 1251 
5681 6913 
1613 8560 
9357 8007 
8394 1975 
7685 6883 
2512 4159 
9435 3421 
5653 8093 
8628 6516 
1235 6669 
3495 5177 
3067 6975 
7854 7701 
4573 3166 
2970 7917 
5549 3611 
3059 1661 
2792 1142 
6048 2868 
5257 1636 
5639 6534 
8674 7221 
991 6883 
9263 3523 
2482 7271 
4624 5647 
3323 5671 
1846 9121 
946 1923 
4955 2588 
7811 1525 
17 7510 
1265 7083 
7413 3375 
5767 9562 
7124 8493 
9529 3926 
6409 1984 
2399 884 
6225 1929 
5261 9911 
1768 463 
2854 856 
1874 4348 
3807 1179 
2320 4611 
3883 9624 
3895 2532 
5069 5800 
4567 8274 
6074 2779 
8811 8761 
6810 9694 
804 4643 
6565 8480 
5366 4268 
4376 9427 
1561 3293 
6695 936 
1027 4528 
9396 493 
5623 2975 
767 1602 
6095 5258 
5002 3361 
8327 7910 
63 340 
4978 1572 
770 6169 
3497 4606 
3570 4561 
4204 521 
1664 6952 
8107 1487 
949 2834 
5505 1933 
510 6456 
3212 8138 
2771 6363 
1450 3070 
2541 9003 
6393 71 
2767 2308 
6798 5492 
9719 1231 
2555 4107 
3372 7947 
6244 4314 
7550 9374 
188 3244 
197 4737 
8794 6305 
597 5367 
9477 775 
2017 5666 
6148 190 
9749 7319 
2187 9914 
1854 9834 
1345 8725 
3538 8375 
1323 1076 
3256 1046 
4919 9363 
8696 7190 
9734 9274 
8446 3956 
791 6233
