200
8590 7982
5108 1298
5599 5722
8330 3688 
9276 6133 
600 513 
8058 8453 
879 2012 
4049 6428 
7758 7766 
6063 3132 
1611 7831 
4713 1065 
5701 3651 
5873 3351 
6483 7285 
3955 7178 
4444 7732 
3969 578 
5361 5497 
5892 4799 
5326 2265 
408 7167 
4036 3198 
2636 8975 
6051 1732 
9984 8171 
9973 7578 
1329 7254 
6069 8648 
4924 3717 
6887 4964 
7637 9500 
2953 9379 
611 8187 
1675 7081 
5901 2262 
5012 4963 
3368 6293 
4734 3509 
9511 6319 
7682 8851 
9719 5867 
1564 9003 
5495 1985 
835 9435 
2976 6484 
8942 1792 
793 6734 
2058 7723 
262 2159 
9242 8156 
4612 3227 
573 7396 
9467 4799 
7326 7516 
1369 7409 
8790 3333 
5156 2530 
7289 577 
3524 5623 
4678 259 
6757 8474 
7066 4931 
6401 5901 
4982 465 
6456 3066 
9026 4476 
7542 2177 
4736 8506 
4054 9620 
4013 83 
535 8677 
8768 4149 
7507 6773 
8631 4427 
5400 6578 
1387 3108 
2222 803 
2095 1911 
2756 7100 
9687 4692 
4812 1490 
5031 6293 
6232 5923 
4473 4205 
9997 2709 
269 4076 
4792 9699 
3919 3570 
5975 4722 
296 68 
9081 4398 
20 6124 
952 6851 
5323 2210 
7847 3636 
5861 6895 
4027 4459 
4137 7039 
8361 715 
735 2765 
6483 8468 
1156 2768 
9212 1414 
7932 1551 
2200 753 
5104 9486 
9749 372 
9731 7971 
4191 2624 
5287 3244 
733 4876 
6985 8541 
830 5070 
3601 44 
6425 8725 
2346 6267 
6347 2084 
3993 3695 
1512 1941 
7505 5531 
326 3777 
599 9417 
9643 1841 
1469 4303 
7859 2164 
4141 8572 
7072 2952 
1738 7669 
3055 1913 
9991 2465 
3550 5063 
4658 8051 
7429 3571 
508 9603 
8232 7318 
6020 6944 
5619 3049 
3418 3614 
7643 2737 
3190 187 
6051 5850 
2814 2886 
5694 2321 
2200 4568 
8754 1490 
6476 1388 
8298 5012 
7335 853 
5052 4868 
1588 4275 
638 6154 
8435 4522 
1069 9148 
895 366 
4115 5631 
2730 8609 
831 6456 
1591 7873 
1887 637 
4179 8101 
2844 9151 
1320 2364 
41 3538 
2724 3441 
9505 7188 
554 6920 
1438 4499 
3996 9931 
6946 5058 
4194 7716 
5971 3709 
3984 8925 
9265 3169 
8107 2265 
1996 7866 
7665 8437 
6794 2501 
1142 3114 
8840 2654 
5175 5667 
6211 1876 
844 3659 
8699 7705 
9771 5703 
4368 9507 
1854 6824 
828 7593 
2465 66 
6032 6690 
8147 9260 
1698 4395 
8909 9333 
1208 5827 
8226 4496 
632 3957 
1677 5662 
3987 72 
7183 2174 
