500
4388 7694 
1298 6022 
541 7598 
4985 6589 
2561 631 
404 5958 
5420 6054 
2587 1463 
7490 3578 
4334 6915 
6699 7945 
3136 3369 
1079 6523 
8874 2980 
9253 8996 
4494 6376 
7 6981 
7088 7160 
3196 1024 
6167 7301 
6504 2691 
959 7425 
7371 8054 
7008 7407 
4351 1995 
7991 5052 
9154 574 
9736 4678 
353 1343 
5857 7738 
6242 8167 
5579 4528 
3772 5454 
2885 6346 
8843 1412 
1274 4708 
1915 355 
6417 5180 
1 6491 
9999 3498 
8525 4302 
1069 1304 
360 9353 
4682 2231 
3953 9032 
2672 6464 
8804 3774 
1946 7002 
503 2021 
882 7100 
8328 2298 
1056 9074 
9749 9510 
1299 2773 
3750 270 
3583 8248 
3111 5835 
787 2893 
9483 7176 
8130 4404 
5446 2401 
6744 7557 
7357 7763 
9024 902 
8535 969 
5159 5494 
9174 9817 
1107 2756 
8042 483 
2688 7232 
599 5409 
1665 2535 
2837 3033 
5201 3816 
1472 953 
6980 6431 
2631 9217 
5417 6582 
5397 6063 
9408 1453 
9130 7203 
3674 3764 
1308 3501 
5283 7660 
6022 1526 
9735 5664 
4984 5066 
3726 8314 
1056 129 
8142 2020 
615 9269 
3095 6500 
7827 1755 
1848 4388 
1783 7951 
1909 4155 
3432 8472 
2780 6534 
8685 7984 
1855 5574 
613 3158 
3260 6678 
5429 3319 
352 7260 
8839 1130 
4062 9212 
1411 6319 
2158 872 
2427 2510 
9478 122 
4940 8896 
1610 9169 
9777 8656 
3431 2737 
5916 1536 
4898 12 
3564 6399 
7537 1837 
9669 2721 
8901 9294 
8094 6922 
501 9839 
5106 1464 
2319 6825 
7168 5233 
1698 1098 
6116 9308 
7398 6599 
2270 8584 
718 9616 
7859 2598 
9295 6315 
8822 3090 
1855 7570 
8087 4430 
5568 9364 
1536 2742 
5448 5923 
6279 2333 
688 4845 
3076 470 
7466 974 
547 7583 
7525 802 
769 1281 
8397 8846 
7862 1222 
5442 1274 
9497 4579 
5661 4322 
9192 5358 
3961 7763 
6935 218 
9173 2792 
8866 8817 
3443 8142 
4681 2671 
8401 4157 
3334 4265 
7227 791 
9570 3851 
8359 3184 
4566 9287 
8454 5584 
7776 1657 
691 1026 
4191 8454 
942 7145 
8957 4345 
3140 7849 
8089 1063 
6478 2325 
1364 6802 
2915 926 
6450 9969 
3941 5252 
3749 4387 
2222 7550 
7111 1664 
1678 9405 
1022 7952 
2530 9113 
3530 6109 
9715 4557 
7112 3516 
5990 8735 
9466 9195 
2614 5623 
898 2439 
3686 5785 
6941 7185 
766 6698 
2916 788 
6737 7776 
7810 4796 
723 3917 
9519 7438 
897 7805 
554 1315 
1073 9641 
6909 6937 
6250 5921 
1732 7158 
6398 9162 
516 2279 
8987 83 
6550 1734 
4443 8330 
2198 2399 
6820 2090 
1303 8115 
6076 4281 
8410 82 
5046 265 
1165 6547 
7002 7706 
6706 4591 
2058 1036 
2989 1728 
9133 1195 
7062 8145 
7080 4879 
946 930 
3580 7720 
3407 45 
9218 7068 
7867 9760 
3817 8589 
2146 435 
5357 6286 
3605 8671 
3153 4884 
6241 7137 
8688 4078 
6381 2799 
9946 28 
3178 3911 
5160 1047 
7730 5472 
9576 4651 
7021 8929 
1262 1127 
2172 9281 
8399 3081 
5810 4124 
2859 1035 
1272 2020 
6882 8249 
2727 7073 
4303 8940 
1120 722 
1223 4465 
3204 9214 
1743 6926 
7194 1322 
5737 29 
2638 8260 
5021 6405 
2450 8617 
5166 1739 
6735 8115 
3229 9368 
3230 3227 
2414 937 
4110 9847 
2567 228 
3224 3723 
4043 6037 
1923 8025 
8865 6137 
4581 432 
5165 7971 
649 9231 
5428 8791 
4633 7874 
9673 9412 
2551 1511 
3242 2135 
6567 5081 
1577 3312 
9102 3030 
3532 8563 
3586 2868 
1210 1723 
1984 2598 
621 7146 
6321 517 
9441 8654 
527 1910 
7736 9487 
1574 2954 
7508 1983 
7 7910 
9834 2812 
1616 7855 
9455 8274 
843 278 
1007 5318 
163 3013 
1000 3611 
9238 330 
35 4957 
6060 5855 
8145 8426 
3262 3188 
5048 4880 
639 1156 
5297 648 
2481 4746 
8859 5459 
4279 4300 
6445 6532 
2712 4880 
1687 770 
7574 1343 
4483 6835 
9011 9824 
846 1672 
8629 387 
7641 7123 
428 8279 
3117 5659 
2958 9471 
6818 1656 
4863 6169 
1749 5810 
5067 5799 
2021 5012 
9024 9797 
3495 4827 
4558 6268 
5616 4968 
2989 3661 
3159 6372 
9648 3057 
3753 5030 
2750 6602 
1690 9127 
9137 1039 
5537 5404 
3151 6075 
6130 9476 
898 6999 
4659 8349 
1041 7358 
7827 3840 
6196 9939 
6141 2193 
7722 3989 
4870 178 
643 8723 
8169 5706 
4087 6672 
6691 2442 
1128 9841 
7207 9318 
422 4352 
5791 365 
203 1194 
8282 5178 
4740 4905 
9001 7333 
3707 8380 
9299 98 
2479 8549 
6278 8035 
93 7418 
4147 3251 
8871 5757 
7024 7499 
7821 6269 
7653 1194 
9218 9488 
9511 9954 
4887 8159 
3580 1869 
4659 5073 
4510 1939 
6797 7352 
6782 5035 
4334 7235 
2026 5375 
7472 4320 
5473 531 
9274 1124 
656 9078 
7246 8044 
8929 8950 
4840 3257 
7613 8014 
5215 2863 
4113 3856 
4507 2783 
5806 3269 
3582 9311 
1673 1726 
7863 1415 
7405 8809 
7987 2819 
6676 4647 
3080 8884 
3966 49 
3524 1036 
7654 1095 
4426 2607 
2324 5915 
7807 5688 
1120 8302 
7232 7596 
1043 969 
2650 6135 
5759 6642 
8995 4768 
912 1033 
7697 8895 
3755 5021 
234 7816 
5463 6044 
1622 8355 
9385 4301 
8098 8963 
8299 5684 
3525 3838 
3011 7427 
7289 5663 
5359 126 
4810 9512 
1325 1978 
692 5903 
8149 6890 
585 2263 
9367 5797 
5364 4585 
2904 5450 
8710 2070 
9630 6361 
3543 3653 
8971 7442 
1086 891 
9358 6826 
346 8890 
7519 7406 
9030 4262 
4353 2241 
6283 5096 
954 5774 
7027 2810 
1773 337 
7983 2252 
5183 5262 
4686 7247 
2058 2811 
4505 9632 
5450 3364 
9434 7446 
2488 1607 
9075 3717 
6989 3132 
6306 4750 
808 7707 
8761 9623 
8084 8138 
8505 9302 
8279 8646 
4436 8718 
4418 8735 
3028 8036 
2589 4270 
5209 7237 
8579 6028 
3782 1812 
8129 1333 
362 1021 
5633 2544 
9423 8546 
8164 9015 
5029 8951 
371 3317 
6596 5884 
5521 8615 
751 239 
7959 9938 
9557 9198 
2565 2474 
6080 7066 
2300 6699 
1261 4675 
4008 7292 
510 2336 
3666 6077 
3537 8765 
3573 2927 
6788 6800 
4032 1260 
5858 4109 
2116 299 
5294 5280 
1175 4978 
5779 9008 
1029 1322
