50
169 5728 
4061 496 
597 2239 
7397 3960 
8165 607 
9748 7036 
7832 5773 
6486 5386 
4968 2334 
4679 9493 
1729 785 
5788 9876 
7295 3623 
6124 1652 
9174 3872 
5170 8948 
8048 9881 
758 426 
1848 8403 
8349 4444 
6834 9970 
2744 4216 
8924 2340 
3025 4553 
1266 6250 
1402 2774 
795 4311 
3331 9575 
1781 9245 
2359 1248 
4812 5614 
6461 9724 
6705 166 
5621 3260 
6661 6046 
2105 7615 
4050 1699 
6591 3510 
2702 3920 
2530 8650 
6512 8636 
6510 1218 
9755 2986 
6581 4606 
8715 4785 
4366 5650 
6058 2254 
6834 6137 
253 5573 
8544 6238
